
REM Gerätekennung    BlockAnfang  BlockEnde  Klasse

"5573"____________;  40001;       40006;     3
"5573"____________;  40010;       40031;     1
"5573"____________;  40099;       40125;     3
"5573"____________;  40133;       40155;     3
"5573"____________;  40300;       40320;     2
"5573"____________;  41000;       41044;     2
"5573"____________;  41056;       41071;     3
"5573"____________;  41090;       41092;     3
"5573"____________;  41200;       41244;     2
"5573"____________;  41256;       41271;     2
"5573"____________;  41800;       41809;     2
"5573"____________;  41810;       41813;     2
"5573"____________;  41828;       41840;     2
"5573"____________;  41863;       41871;     2
"5573"____________;  46470;       46499;     1
"5573"____________;  46500;       46529;     3
"5573"____________;  46531;       46562;     3
"5573"____________;  46563;       46593;     3
"5573"____________;  46594;       46624;     3
"5573"____________;  46625;       46649;     3
"5573"____________;  47000;       47030;     3
"5573"____________;  47031;       47062;     3
"5573"____________;  47063;       47093;     3
"5573"____________;  47094;       47124;     3
"5573"____________;  47125;       47149;     3
"5573"____________;  47500;       47530;     3
"5573"____________;  47531;       47562;     3
"5573"____________;  47563;       47593;     3
"5573"____________;  47594;       47624;     3
"5573"____________;  47625;       47649;     3
"5573"____________;  48000;       48030;     3
"5573"____________;  48031;       48062;     3
"5573"____________;  48063;       48093;     3
"5573"____________;  48094;       48124;     3
"5573"____________;  48125;       48149;     3
"5573"____________;  48500;       48530;     3
"5573"____________;  48531;       48562;     3
"5573"____________;  48563;       48593;     3
"5573"____________;  48594;       48624;     3
"5573"____________;  48625;       48649;     3
"5573"____________;  49000;       49030;     3
"5573"____________;  49031;       49062;     3
"5573"____________;  49063;       49093;     3
"5573"____________;  49094;       49124;     3
"5573"____________;  49125;       49149;     3