
REM Gerätekennung    BlockAnfang  BlockEnde  Klasse

"5576"____________;  1;           9;         1
"5576"____________;  10;          21;        1
"5576"____________;  22;          23;        1
"5576"____________;  24;          40;        2
"5576"____________;  57;          69;        2
"5576"____________;  88;          113;       3
"5576"____________;  116;         124;       3
"5576"____________;  130;         144;       3
"5576"____________;  145;         164;       3
"5576"____________;  176;         215;       3
"5576"____________;  222;         238;       3
"5576"____________;  245;         255;       3
"5576"____________;  300;         309;       3
"5576"____________;  322;         338;       3
"5576"____________;  998;         1009;      1
"5576"____________;  1025;        1044;      3
"5576"____________;  1200;        1209;      3
"5576"____________;  1225;        1238;      3
"5576"____________;  1800;        1809;      3
"5576"____________;  1825;        1845;      3

