
REM Gerätekennung    BlockAnfang  BlockEnde  Klasse

"6495-2"__________;  40001;       40012;     3
"6495-2"__________;  40030;       40038;     1
"6495-2"__________;  40040;       40066;     1
"6495-2"__________;  40100;       40126;     1
"6495-2"__________;  40170;       40184;     3
"6495-2"__________;  40210;       40232;     3
"6495-2"__________;  40210;       40232;     3
"6495-2"__________;  40250;       40272;     3
"6495-2"__________;  40290;       40312;     3
"6495-2"__________;  40330;       40352;     3
"6495-2"__________;  40370;       40374;     3
"6495-2"__________;  40400;       40421;     3
"6495-2"__________;  40430;       40451;     3
"6495-2"__________;  40460;       40481;     3
"6495-2"__________;  40490;       40511;     3
"6495-2"__________;  40523;       40525;     3
"6495-2"__________;  40550;       40585;     3
"6495-2"__________;  40590;       40598;     3
"6495-2"__________;  40600;       40624;     3
"6495-2"__________;  40750;       40767;     3
"6495-2"__________;  40780;       40931;     3
"6495-2"__________;  40950;       40968;     3
"6495-2"__________;  40980;       40995;     3
"6495-2"__________;  41020;       41052;     3
"6495-2"__________;  41200;       41221;     3
"6495-2"__________;  41230;       41251;     3
"6495-2"__________;  41260;       41281;     3
"6495-2"__________;  41290;       41311;     3
"6495-2"__________;  41320;       41322;     3
"6495-2"__________;  41350;       41375;     3
"6495-2"__________;  41380;       41388;     3
"6495-2"__________;  41390;       41399;     3
"6495-2"__________;  41550;       41568;     3
"6495-2"__________;  41580;       41628;     3
"6495-2"__________;  41650;       41668;     3
"6495-2"__________;  41680;       41700;     3
"6495-2"__________;  41721;       41727;     3
"6495-2"__________;  41900;       41936;     3
"6495-2"__________;  41950;       41986;     3
"6495-2"__________;  42000;       42036;     3
"6495-2"__________;  42050;       42090;     3
"6495-2"__________;  42100;       42140;     3
"6495-2"__________;  42200;       42206;     3
"6495-2"__________;  42210;       42216;     3
"6495-2"__________;  42220;       42226;     3
"6495-2"__________;  42230;       42236;     3
"6495-2"__________;  42240;       42241;     3
"6495-2"__________;  42250;       42251;     3
"6495-2"__________;  42300;       42301;     3
"6495-2"__________;  42300;       42301;     3
"6495-2"__________;  42310;       42315;     3
"6495-2"__________;  42320;       42325;     3
"6495-2"__________;  42400;       42407;     3






