
REM Gerätekennung    BlockAnfang  BlockEnde  Klasse

"5177"____________;  40001;       40002;     3
"5177"____________;  40003;       40040;     1
"5177"____________;  40043;       40051;     3
"5177"____________;  40059;       40064;     2
"5177"____________;  40070;       40075;     3
"5177"____________;  40081;       40094;     3
"5177"____________;  40128;       40164;     2
"5177"____________;  40170;       40204;     2
"5177"____________;  40512;       40521;     3
"5177"____________;  40528;       40559;     3
"5177"____________;  40568;       40586;     3
"5177"____________;  40589;       40599;     1
"5177"____________;  40603;       40617;     3
"5177"____________;  47000;       47030;     3
"5177"____________;  47031;       47061;     3
"5177"____________;  47062;       47092;     3
"5177"____________;  47093;       47123;     3
"5177"____________;  47124;       47149;     3
"5177"____________;  48000;       48030;     3
"5177"____________;  48031;       48061;     3
"5177"____________;  48062;       48092;     3
"5177"____________;  48093;       48123;     3
"5177"____________;  48124;       48149;     3
"5177"____________;  49000;       49030;     3
"5177"____________;  49031;       49061;     3
"5177"____________;  49062;       49092;     3
"5177"____________;  49093;       49123;     3
"5177"____________;  49124;       49149;     3