
REM Gerätekennung    BlockAnfang  BlockEnde  Klasse

"5012"____________;  40001;       40006;     3
"5012"____________;  40100;       40102;     3
"5012"____________;  40120;       40120;     3
"5012"____________;  40143;       40144;     3
"5012"____________;  40150;       40150;     2
"5012"____________;  40152;       40152;     2
"5012"____________;  40154;       40154;     2
"5012"____________;  46470;       46499;     1
"5012"____________;  46500;       46529;     3
"5012"____________;  46531;       46562;     3
"5012"____________;  46563;       46593;     3
"5012"____________;  46594;       46624;     3
"5012"____________;  46625;       46658;     3
"5012"____________;  47000;       47030;     3
"5012"____________;  47031;       47062;     3
"5012"____________;  47063;       47093;     3
"5012"____________;  47094;       47124;     3
"5012"____________;  47125;       47158;     3
"5012"____________;  47500;       47530;     3
"5012"____________;  47531;       47562;     3
"5012"____________;  47563;       47593;     3
"5012"____________;  47594;       47624;     3
"5012"____________;  47625;       47658;     3
"5012"____________;  48000;       48030;     3
"5012"____________;  48031;       48062;     3
"5012"____________;  48063;       48093;     3
"5012"____________;  48094;       48124;     3
"5012"____________;  48125;       48158;     3
"5012"____________;  48500;       48530;     3
"5012"____________;  48531;       48562;     3
"5012"____________;  48563;       48593;     3
"5012"____________;  48594;       48624;     3
"5012"____________;  48625;       48658;     3
"5012"____________;  49000;       49030;     3
"5012"____________;  49031;       49062;     3
"5012"____________;  49063;       49093;     3
"5012"____________;  49094;       49124;     3
"5012"____________;  49125;       49158;     3
