
REM Gerätekennung    BlockAnfang  BlockEnde  Klasse

"5171"____________;  40001;       40002;     3
"5171"____________;  40003;       40043;     1
"5171"____________;  40044;       40046;     3
"5171"____________;  40058;       40064;     2
"5171"____________;  40070;       40075;     3
"5171"____________;  40081;       40098;     3
"5171"____________;  40128;       40164;     2
"5171"____________;  40170;       40204;     2
"5171"____________;  42001;       42031;     1
"5171"____________;  42032;       42061;     1
"5171"____________;  42062;       42091;     1
"5171"____________;  42092;       42100;     1
"5171"____________;  42101;       42131;     1
"5171"____________;  42132;       42161;     1
"5171"____________;  42162;       42191;     1
"5171"____________;  42192;       42200;     1
"5171"____________;  42201;       42231;     1
"5171"____________;  42232;       42261;     1
"5171"____________;  42262;       42291;     1
"5171"____________;  42292;       42300;     1
"5171"____________;  42301;       42331;     1
"5171"____________;  42332;       42361;     1
"5171"____________;  42362;       42391;     1
"5171"____________;  42392;       42399;     1
"5171"____________;  47000;       47030;     3
"5171"____________;  47031;       47061;     3
"5171"____________;  47062;       47092;     3
"5171"____________;  47093;       47123;     3
"5171"____________;  47124;       47149;     3
"5171"____________;  48000;       48030;     3
"5171"____________;  48031;       48061;     3
"5171"____________;  48062;       48092;     3
"5171"____________;  48093;       48123;     3
"5171"____________;  48124;       48149;     3
"5171"____________;  49000;       49030;     3
"5171"____________;  49031;       49061;     3
"5171"____________;  49062;       49092;     3
"5171"____________;  49093;       49123;     3
"5171"____________;  49124;       49149;     3
