
REM Gerätekennung    BlockAnfang  BlockEnde  Klasse

"5479"____________;  40001;       40002;     3
"5479"____________;  40003;       40035;     1
"5479"____________;  40036;       40041;     3
"5479"____________;  40042;       40043;     1
"5479"____________;  40045;       40069;     3
"5479"____________;  40070;       40072;     1
"5479"____________;  40073;       40095;     3
"5479"____________;  40096;       40123;     3
"5479"____________;  40124;       40126;     1
"5479"____________;  40127;       40149;     3
"5479"____________;  40150;       40177;     3
"5479"____________;  40178;       40180;     1
"5479"____________;  40181;       40204;     3
"5479"____________;  40205;       40223;     3
"5479"____________;  40224;       40251;     3
"5479"____________;  40255;       40261;     2
"5479"____________;  40262;       40276;     3
"5479"____________;  40280;       40285;     3
"5479"____________;  40286;       40309;     2
"5479"____________;  40311;       40349;     3
"5479"____________;  40351;       40389;     3
"5479"____________;  40391;       40429;     3
"5479"____________;  40450;       40473;     3
"5479"____________;  40480;       40497;     3
"5479"____________;  40500;       40517;     3
"5479"____________;  40520;       40537;     3
"5479"____________;  40600;       40627;     3
"5479"____________;  40628;       40646;     3
"5479"____________;  40647;       40676;     3
"5479"____________;  40677;       40693;     3
"5479"____________;  40700;       40731;     3
"5479"____________;  40732;       40746;     3
"5479"____________;  40747;       40776;     3
"5479"____________;  40777;       40793;     3
"5479"____________;  40800;       40831;     3
"5479"____________;  40832;       40846;     3
"5479"____________;  40847;       40876;     3
"5479"____________;  40877;       40893;     3
