
REM Gerätekennung    BlockAnfang  BlockEnde  Klasse

"5476TOB"_________;  40001;       40023;     1
"5476TOB"_________;  40024;       40052;     2
"5476TOB"_________;  40053;       40092;     2
"5476TOB"_________;  40093;       40107;     2
"5476TOB"_________;  40108;       40135;     3
"5476TOB"_________;  40136;       40158;     3
"5476TOB"_________;  40257;       40289;     3
"5476TOB"_________;  40513;       40545;     3
"5476TOB"_________;  40769;       40801;     3
"5476TOB"_________;  40172;       40174;     3
"5476TOB"_________;  40288;       40311;     3
"5476TOB"_________;  40312;       40327;     3
"5476TOB"_________;  40328;       40353;     3
"5476TOB"_________;  40544;       40567;     3
"5476TOB"_________;  40568;       40583;     3
"5476TOB"_________;  40584;       40609;     3
"5476TOB"_________;  40800;       40823;     3
"5476TOB"_________;  40824;       40839;     3
"5476TOB"_________;  40840;       40865;     3
