
REM Gerätekennung    BlockAnfang  BlockEnde  Klasse

"5571"____________;  40001;       40006;     3
"5571"____________;  40010;       40034;     1
"5571"____________;  40040;       40043;     1
"5571"____________;  40060;       40064;     1
"5571"____________;  40100;       40103;     3
"5571"____________;  40120;       40136;     3
"5571"____________;  40150;       40183;     3
"5571"____________;  46500;       46530;     3
"5571"____________;  46531;       46562;     3
"5571"____________;  46563;       46593;     3
"5571"____________;  46594;       46624;     3
"5571"____________;  46625;       46647;     3
"5571"____________;  47000;       47030;     3
"5571"____________;  47031;       47062;     3
"5571"____________;  47063;       47093;     3
"5571"____________;  47094;       47124;     3
"5571"____________;  47125;       47147;     3
"5571"____________;  47500;       47530;     3
"5571"____________;  47531;       47562;     3
"5571"____________;  47563;       47593;     3
"5571"____________;  47594;       47624;     3
"5571"____________;  47625;       47647;     3

