REM ZPNr Gerätekennung        Bezeichnung         BerAnfang    BerEnde        WoPgm   AnzJhrPgm  AnzFeierPgm  AnzEinmalPgm  WoImJhrPgm  AnzEinWoPgm  MaskCSV

1;      "5571"____________;  "ZP_1"____________;  0.000;       0.000;         1;      0;          0;          0;            0;          2;           512
2;      "5571"____________;  "ZP_2"____________;  0.000;       0.000;         1;      0;          0;          0;            0;          2;           512
3;      "5571"____________;  "ZP_3"____________;  0.000;       0.000;         1;      0;          0;          0;            0;          2;           512
4;      "5571"____________;  "ZP_4"____________;  0.000;       0.000;         1;      0;          0;          0;            0;          2;           512
5;      "5571"____________;  "ZP_5"____________;  0.000;       0.000;         1;      0;          0;          0;            0;          2;           512
6;      "5571"____________;  "ZP_6"____________;  0.000;       0.000;         1;      0;          0;          0;            0;          2;           512
7;      "5571"____________;  "ZP_7"____________;  0.000;       0.000;         1;      0;          0;          0;            0;          2;           512
8;      "5571"____________;  "ZP_8"____________;  0.000;       0.000;         1;      0;          0;          0;            0;          2;           512
9;     "5571"____________;  "ZP_9"____________;  0.000;       0.000;         1;      0;          0;          0;            0;          2;           512
10;     "5571"____________;  "ZP_10"___________;  0.000;       0.000;         1;      0;          0;          0;            0;          2;           512
11;     "5571"____________;  "ZP_11"___________;  0.000;       0.000;         1;      0;          0;          0;            0;          2;           512
12;     "5571"____________;  "ZP_12"___________;  0.000;       0.000;         1;      0;          0;          0;            0;          2;           512

