
REM Gerätekennung    BlockAnfang  BlockEnde  Klasse

"5179"____________;  40001;       40002;     1
"5179"____________;  40003;       40039;     1
"5179"____________;  40043;       40051;     3
"5179"____________;  40058;       40064;     2
"5179"____________;  40070;       40075;     3
"5179"____________;  40081;       40098;     3
"5179"____________;  40128;       40164;     2
"5179"____________;  40170;       40204;     2
"5179"____________;  40520;       40559;     3
"5179"____________;  40560;       40580;     2
"5179"____________;  40600;       40630;     2
"5179"____________;  40631;       40660;     2
"5179"____________;  40680;       40721;     2
"5179"____________;  40725;       40736;     2
"5179"____________;  40740;       40773;     3
"5179"____________;  40780;       40808;     2
"5179"____________;  40810;       40849;     3
"5179"____________;  40850;       40855;     3
"5179"____________;  47000;       47030;     3
"5179"____________;  47031;       47061;     3
"5179"____________;  47062;       47092;     3
"5179"____________;  47093;       47123;     3
"5179"____________;  47124;       47149;     3
"5179"____________;  48000;       48030;     3
"5179"____________;  48031;       48061;     3
"5179"____________;  48062;       48092;     3
"5179"____________;  48093;       48123;     3
"5179"____________;  48124;       48149;     3
"5179"____________;  49000;       49030;     3
"5179"____________;  49031;       49061;     3
"5179"____________;  49062;       49092;     3
"5179"____________;  49093;       49123;     3
"5179"____________;  49124;       49149;     3