
REM Gerätekennung    BlockAnfang  BlockEnde  Klasse

"5476"____________;  40001;       40023;     1
"5476"____________;  40024;       40052;     2
"5476"____________;  40053;       40092;     2
"5476"____________;  40093;       40107;     2
"5476"____________;  40101;       40132;     3
"5476"____________;  40133;       40158;     3
"5476"____________;  40257;       40287;     3
"5476"____________;  40513;       40543;     3
"5476"____________;  40769;       40799;     3
"5476"____________;  40134;       40160;     3
"5476"____________;  40161;       40174;     3
"5476"____________;  40288;       40311;     3
"5476"____________;  40312;       40354;     3
"5476"____________;  40355;       40382;     3
"5476"____________;  40387;       40403;     3
"5476"____________;  40544;       40567;     3
"5476"____________;  40568;       40610;     3
"5476"____________;  40611;       40638;     3
"5476"____________;  40643;       40659;     3
"5476"____________;  40800;       40823;     3
"5476"____________;  40824;       40866;     3
"5476"____________;  40867;       40894;     3
"5476"____________;  40899;       40915;     3
