
REM Gerätekennung    BlockAnfang  BlockEnde  Klasse

"5474-WTF"________;  40001;       40002;     3
"5474-WTF"________;  40003;       40038;     1
"5474-WTF"________;  40043;       40051;     3
"5474-WTF"________;  40058;       40064;     2
"5474-WTF"________;  40070;       40098;     3
"5474-WTF"________;  40128;       40164;     2
"5474-WTF"________;  40170;       40204;     2
"5474-WTF"________;  40520;       40526;     3
"5474-WTF"________;  40527;       40531;     1
"5474-WTF"________;  40532;       40566;     3
"5474-WTF"________;  40567;       40572;     1
"5474-WTF"________;  40587;       40590;     3
"5474-WTF"________;  40642;       40642;     1
"5474-WTF"________;  40643;       40688;     3
"5474-WTF"________;  40689;       40726;     3
"5474-WTF"________;  40740;       40779;     3
"5474-WTF"________;  47000;       47030;     3
"5474-WTF"________;  47031;       47061;     3
"5474-WTF"________;  47062;       47092;     3
"5474-WTF"________;  47093;       47123;     3
"5474-WTF"________;  47124;       47149;     3
"5474-WTF"________;  48000;       48030;     3
"5474-WTF"________;  48031;       48061;     3
"5474-WTF"________;  48062;       48092;     3
"5474-WTF"________;  48093;       48123;     3
"5474-WTF"________;  48124;       48149;     3
"5474-WTF"________;  49000;       49030;     3
"5474-WTF"________;  49031;       49061;     3
"5474-WTF"________;  49062;       49092;     3
"5474-WTF"________;  49093;       49123;     3
"5474-WTF"________;  49124;       49149;     3
