
REM Gerätekennung    BlockAnfang  BlockEnde  Klasse

"55xx56xx"_______;  40001;       40006;     3
"55xx56xx"_______;  40010;       40033;     1
"55xx56xx"_______;  40099;       40112;     1
"55xx56xx"_______;  40113;       40149;     2
"55xx56xx"_______;  40150;       40155;     2
"55xx56xx"_______;  40201;       40215;     2
"55xx56xx"_______;  40300;       40320;     2
"55xx56xx"_______;  41000;       41004;     1 
"55xx56xx"_______;  41006;       41092;     2
"55xx56xx"_______;  41200;       41204;     1 
"55xx56xx"_______;  41206;       41271;     2 
"55xx56xx"_______;  41400;       41404;     1
"55xx56xx"_______;  41406;       41471;     2
"55xx56xx"_______;  41800;       41871;     2 
"55xx56xx"_______;  46400;       46419;     3 
"55xx56xx"_______;  46470;       46494;     3
"55xx56xx"_______;  46500;       46529;     1
"55xx56xx"_______;  46530;       46600;     2 
"55xx56xx"_______;  46601;       46658;     2 
"55xx56xx"_______;  47000;       47029;     1
"55xx56xx"_______;  47030;       47100;     2 
"55xx56xx"_______;  47101;       47158;     2 
"55xx56xx"_______;  47500;       47529;     1 
"55xx56xx"_______;  47530;       47600;     2
"55xx56xx"_______;  47601;       47658;     2
"55xx56xx"_______;  48000;       48029;     1
"55xx56xx"_______;  48030;       48100;     2
"55xx56xx"_______;  48101;       48158;     2
"55xx56xx"_______;  48500;       48529;     1 
"55xx56xx"_______;  48530;       48600;     2
"55xx56xx"_______;  48601;       48658;     2
"55xx56xx"_______;  49000;       49029;     1
"55xx56xx"_______;  49030;       49130;     2 
"55xx56xx"_______;  49131;       49158;     2 