
REM Gerätekennung    BlockAnfang  BlockEnde  Klasse

"5174"____________;  40001;       40002;     3
"5174"____________;  40003;       40043;     1
"5174"____________;  40044;       40051;     3
"5174"____________;  40058;       40064;     2
"5174"____________;  40070;       40075;     3
"5174"____________;  40081;       40098;     3
"5174"____________;  40128;       40164;     2
"5174"____________;  40170;       40204;     2
"5174"____________;  40520;       40550;     3
"5174"____________;  40560;       40590;     3
"5174"____________;  40600;       40602;     1
"5174"____________;  40603;       40635;     3
"5174"____________;  40637;       40642;     1
"5174"____________;  40643;       40677;     3
"5174"____________;  40680;       40680;     1
"5174"____________;  40681;       40721;     3
"5174"____________;  40722;       40726;     2
"5174"____________;  40740;       40779;     3
"5174"____________;  47000;       47030;     3
"5174"____________;  47031;       47061;     3
"5174"____________;  47062;       47092;     3
"5174"____________;  47093;       47123;     3
"5174"____________;  47124;       47149;     3
"5174"____________;  48000;       48030;     3
"5174"____________;  48031;       48061;     3
"5174"____________;  48062;       48092;     3
"5174"____________;  48093;       48123;     3
"5174"____________;  48124;       48149;     3
"5174"____________;  49000;       49030;     3
"5174"____________;  49031;       49061;     3
"5174"____________;  49062;       49092;     3
"5174"____________;  49093;       49123;     3
"5174"____________;  49124;       49149;     3
